# Created by Octave 3.8.1, Thu Mar 30 23:18:26 2017 CDT <reid@reid-HP-Pavilion-dv6-Notebook-PC>
# name: RamanAct
# type: matrix
# rows: 1
# columns: 9
 72.84220000000001 8.0891 8.0891 3.5167 3.516 10.3942 10.1686 5.4835 5.4827


