# Created by Octave 3.8.1, Thu Mar 30 23:17:40 2017 CDT <reid@reid-HP-Pavilion-dv6-Notebook-PC>
# name: anharmMatrix
# type: matrix
# rows: 9
# columns: 9
 -65.40000000000001 0 0 0 0 0 0 0 0
 -12.3467 -7.75065 0 0 0 0 0 0 0
 -12.3245 3.16449 -7.76403 0 0 0 0 0 0
 2.46095 -4.54798 -5.53845 -4.17416 0 0 0 0 0
 2.46954 -5.5389 -4.54367 -1.39629 -4.21372 0 0 0 0
 -1.80858 -0.13646 -0.127154 -3.33713 -3.19011 -1.4135 0 0 0
 0.902988 -0.601638 -0.59834 -2.49116 -2.54335 -0.699258 -0.110886 0 0
 0.428524 -0.295165 -0.527041 -1.95713 -1.3546 -0.722954 -0.564269 -0.0402008 0
 0.424212 -0.5294720000000001 -0.292515 -1.32495 -1.91624 -0.698913 -0.559064 -0.0365391 -0.0359814


