# Created by Octave 3.8.1, Thu Mar 30 23:17:55 2017 CDT <reid@reid-HP-Pavilion-dv6-Notebook-PC>
# name: harmFrequencies
# type: matrix
# rows: 1
# columns: 9
 3201.7687 1264.5696 1264.5583 737.7329999999999 737.702 667.6418 367.2747 260.9049 260.8792


