# Created by Octave 3.8.1, Thu Mar 30 23:18:10 2017 CDT <reid@reid-HP-Pavilion-dv6-Notebook-PC>
# name: IRInt
# type: matrix
# rows: 1
# columns: 9
 0.0399 30.8344 30.8381 188.1707 188.1814 7.1308 0.4267 0.0177 0.0181


